Data downloaded from 'http://windspeed.atcouncil.org' on Mon Aug  3 15:46:37 2015 CDT
Latitude(degrees, positive north),
Longitude(degrees, positive east),
ASCE 7-05 Wind speeds (50-years mean recurrence interval for 3-seconds peak gust, in miles-per-hour),
ASCE 7-10 Wind speeds (Risk Category III-IV: >1700-years mean recurrence interval for 3-seconds peak gust, in miles-per-hour)
30.7721431734,-83.0535064699,99,120
30.7721431734,-82.5364657023,99,123
30.7721431734,-82.0194249346,105,129
30.7721431734,-81.5023841669,120,140
30.7721431734,-80.9853433992,NaN,NaN
30.7721431734,-80.4683026315,NaN,NaN
30.7721431734,-79.9512618638,NaN,NaN
30.7721431734,-79.4342210962,NaN,NaN
30.7721431734,-78.9171803285,NaN,NaN
30.7721431734,-78.4001395608,NaN,NaN
30.7721431734,-77.8830987931,NaN,NaN
30.7721431734,-77.3660580254,NaN,NaN
30.7721431734,-76.8490172577,NaN,NaN
30.7721431734,-76.33197649,NaN,NaN
30.7721431734,-75.8149357224,NaN,NaN
30.7721431734,-75.2978949547,NaN,NaN
30.7721431734,-74.780854187,NaN,NaN
30.7721431734,-74.2638134193,NaN,NaN
30.7721431734,-73.7467726516,NaN,NaN
30.7721431734,-73.2297318839,NaN,NaN
30.7721431734,-72.7126911163,NaN,NaN
30.7721431734,-72.1956503486,NaN,NaN
30.7721431734,-71.6786095809,NaN,NaN
30.7721431734,-71.1615688132,NaN,NaN
30.7721431734,-70.6445280455,NaN,NaN
30.7721431734,-70.1274872778,NaN,NaN
30.7721431734,-69.6104465101,NaN,NaN
30.7721431734,-69.0934057425,NaN,NaN
30.7721431734,-68.5763649748,NaN,NaN
30.7721431734,-68.0593242071,NaN,NaN
30.7721431734,-67.5422834394,NaN,NaN
30.7721431734,-67.0252426717,NaN,NaN
30.7721431734,-66.508201904,NaN,NaN
30.7721431734,-65.9911611363,NaN,NaN
30.7721431734,-65.4741203687,NaN,NaN
30.7721431734,-64.957079601,NaN,NaN
30.7721431734,-64.4400388333,NaN,NaN
30.7721431734,-63.9229980656,NaN,NaN
30.7721431734,-63.4059572979,NaN,NaN
30.7721431734,-62.8889165302,NaN,NaN
30.7721431734,-62.3718757626,NaN,NaN
31.289282559,-83.0535064699,98,120
31.289282559,-82.5364657023,99,120
31.289282559,-82.0194249346,106,129
31.289282559,-81.5023841669,121,141
31.289282559,-80.9853433992,NaN,NaN
31.289282559,-80.4683026315,NaN,NaN
31.289282559,-79.9512618638,NaN,NaN
31.289282559,-79.4342210962,NaN,NaN
31.289282559,-78.9171803285,NaN,NaN
31.289282559,-78.4001395608,NaN,NaN
31.289282559,-77.8830987931,NaN,NaN
31.289282559,-77.3660580254,NaN,NaN
31.289282559,-76.8490172577,NaN,NaN
31.289282559,-76.33197649,NaN,NaN
31.289282559,-75.8149357224,NaN,NaN
31.289282559,-75.2978949547,NaN,NaN
31.289282559,-74.780854187,NaN,NaN
31.289282559,-74.2638134193,NaN,NaN
31.289282559,-73.7467726516,NaN,NaN
31.289282559,-73.2297318839,NaN,NaN
31.289282559,-72.7126911163,NaN,NaN
31.289282559,-72.1956503486,NaN,NaN
31.289282559,-71.6786095809,NaN,NaN
31.289282559,-71.1615688132,NaN,NaN
31.289282559,-70.6445280455,NaN,NaN
31.289282559,-70.1274872778,NaN,NaN
31.289282559,-69.6104465101,NaN,NaN
31.289282559,-69.0934057425,NaN,NaN
31.289282559,-68.5763649748,NaN,NaN
31.289282559,-68.0593242071,NaN,NaN
31.289282559,-67.5422834394,NaN,NaN
31.289282559,-67.0252426717,NaN,NaN
31.289282559,-66.508201904,NaN,NaN
31.289282559,-65.9911611363,NaN,NaN
31.289282559,-65.4741203687,NaN,NaN
31.289282559,-64.957079601,NaN,NaN
31.289282559,-64.4400388333,NaN,NaN
31.289282559,-63.9229980656,NaN,NaN
31.289282559,-63.4059572979,NaN,NaN
31.289282559,-62.8889165302,NaN,NaN
31.289282559,-62.3718757626,NaN,NaN
31.8064219446,-83.0535064699,96,120
31.8064219446,-82.5364657023,99,120
31.8064219446,-82.0194249346,104,128
31.8064219446,-81.5023841669,114,140
31.8064219446,-80.9853433992,NaN,NaN
31.8064219446,-80.4683026315,NaN,NaN
31.8064219446,-79.9512618638,NaN,NaN
31.8064219446,-79.4342210962,NaN,NaN
31.8064219446,-78.9171803285,NaN,NaN
31.8064219446,-78.4001395608,NaN,NaN
31.8064219446,-77.8830987931,NaN,NaN
31.8064219446,-77.3660580254,NaN,NaN
31.8064219446,-76.8490172577,NaN,NaN
31.8064219446,-76.33197649,NaN,NaN
31.8064219446,-75.8149357224,NaN,NaN
31.8064219446,-75.2978949547,NaN,NaN
31.8064219446,-74.780854187,NaN,NaN
31.8064219446,-74.2638134193,NaN,NaN
31.8064219446,-73.7467726516,NaN,NaN
31.8064219446,-73.2297318839,NaN,NaN
31.8064219446,-72.7126911163,NaN,NaN
31.8064219446,-72.1956503486,NaN,NaN
31.8064219446,-71.6786095809,NaN,NaN
31.8064219446,-71.1615688132,NaN,NaN
31.8064219446,-70.6445280455,NaN,NaN
31.8064219446,-70.1274872778,NaN,NaN
31.8064219446,-69.6104465101,NaN,NaN
31.8064219446,-69.0934057425,NaN,NaN
31.8064219446,-68.5763649748,NaN,NaN
31.8064219446,-68.0593242071,NaN,NaN
31.8064219446,-67.5422834394,NaN,NaN
31.8064219446,-67.0252426717,NaN,NaN
31.8064219446,-66.508201904,NaN,NaN
31.8064219446,-65.9911611363,NaN,NaN
31.8064219446,-65.4741203687,NaN,NaN
31.8064219446,-64.957079601,NaN,NaN
31.8064219446,-64.4400388333,NaN,NaN
31.8064219446,-63.9229980656,NaN,NaN
31.8064219446,-63.4059572979,NaN,NaN
31.8064219446,-62.8889165302,NaN,NaN
31.8064219446,-62.3718757626,NaN,NaN
32.3235613302,-83.0535064699,95,120
32.3235613302,-82.5364657023,97,120
32.3235613302,-82.0194249346,101,125
32.3235613302,-81.5023841669,107,137
32.3235613302,-80.9853433992,119,147
32.3235613302,-80.4683026315,131,156
32.3235613302,-79.9512618638,NaN,NaN
32.3235613302,-79.4342210962,NaN,NaN
32.3235613302,-78.9171803285,NaN,NaN
32.3235613302,-78.4001395608,NaN,NaN
32.3235613302,-77.8830987931,NaN,NaN
32.3235613302,-77.3660580254,NaN,NaN
32.3235613302,-76.8490172577,NaN,NaN
32.3235613302,-76.33197649,NaN,NaN
32.3235613302,-75.8149357224,NaN,NaN
32.3235613302,-75.2978949547,NaN,NaN
32.3235613302,-74.780854187,NaN,NaN
32.3235613302,-74.2638134193,NaN,NaN
32.3235613302,-73.7467726516,NaN,NaN
32.3235613302,-73.2297318839,NaN,NaN
32.3235613302,-72.7126911163,NaN,NaN
32.3235613302,-72.1956503486,NaN,NaN
32.3235613302,-71.6786095809,NaN,NaN
32.3235613302,-71.1615688132,NaN,NaN
32.3235613302,-70.6445280455,NaN,NaN
32.3235613302,-70.1274872778,NaN,NaN
32.3235613302,-69.6104465101,NaN,NaN
32.3235613302,-69.0934057425,NaN,NaN
32.3235613302,-68.5763649748,NaN,NaN
32.3235613302,-68.0593242071,NaN,NaN
32.3235613302,-67.5422834394,NaN,NaN
32.3235613302,-67.0252426717,NaN,NaN
32.3235613302,-66.508201904,NaN,NaN
32.3235613302,-65.9911611363,NaN,NaN
32.3235613302,-65.4741203687,NaN,NaN
32.3235613302,-64.957079601,NaN,NaN
32.3235613302,-64.4400388333,NaN,NaN
32.3235613302,-63.9229980656,NaN,NaN
32.3235613302,-63.4059572979,NaN,NaN
32.3235613302,-62.8889165302,NaN,NaN
32.3235613302,-62.3718757626,NaN,NaN
32.8407007158,-83.0535064699,92,120
32.8407007158,-82.5364657023,95,120
32.8407007158,-82.0194249346,98,120
32.8407007158,-81.5023841669,101,131
32.8407007158,-80.9853433992,107,140
32.8407007158,-80.4683026315,115,150
32.8407007158,-79.9512618638,129,156
32.8407007158,-79.4342210962,NaN,NaN
32.8407007158,-78.9171803285,NaN,NaN
32.8407007158,-78.4001395608,NaN,NaN
32.8407007158,-77.8830987931,NaN,NaN
32.8407007158,-77.3660580254,NaN,NaN
32.8407007158,-76.8490172577,NaN,NaN
32.8407007158,-76.33197649,NaN,NaN
32.8407007158,-75.8149357224,NaN,NaN
32.8407007158,-75.2978949547,NaN,NaN
32.8407007158,-74.780854187,NaN,NaN
32.8407007158,-74.2638134193,NaN,NaN
32.8407007158,-73.7467726516,NaN,NaN
32.8407007158,-73.2297318839,NaN,NaN
32.8407007158,-72.7126911163,NaN,NaN
32.8407007158,-72.1956503486,NaN,NaN
32.8407007158,-71.6786095809,NaN,NaN
32.8407007158,-71.1615688132,NaN,NaN
32.8407007158,-70.6445280455,NaN,NaN
32.8407007158,-70.1274872778,NaN,NaN
32.8407007158,-69.6104465101,NaN,NaN
32.8407007158,-69.0934057425,NaN,NaN
32.8407007158,-68.5763649748,NaN,NaN
32.8407007158,-68.0593242071,NaN,NaN
32.8407007158,-67.5422834394,NaN,NaN
32.8407007158,-67.0252426717,NaN,NaN
32.8407007158,-66.508201904,NaN,NaN
32.8407007158,-65.9911611363,NaN,NaN
32.8407007158,-65.4741203687,NaN,NaN
32.8407007158,-64.957079601,NaN,NaN
32.8407007158,-64.4400388333,NaN,NaN
32.8407007158,-63.9229980656,NaN,NaN
32.8407007158,-63.4059572979,NaN,NaN
32.8407007158,-62.8889165302,NaN,NaN
32.8407007158,-62.3718757626,NaN,NaN
33.3578401014,-83.0535064699,90,120
33.3578401014,-82.5364657023,91,120
33.3578401014,-82.0194249346,94,120
33.3578401014,-81.5023841669,97,124
33.3578401014,-80.9853433992,100,133
33.3578401014,-80.4683026315,105,141
33.3578401014,-79.9512618638,113,149
33.3578401014,-79.4342210962,126,155
33.3578401014,-78.9171803285,NaN,NaN
33.3578401014,-78.4001395608,NaN,NaN
33.3578401014,-77.8830987931,NaN,NaN
33.3578401014,-77.3660580254,NaN,NaN
33.3578401014,-76.8490172577,NaN,NaN
33.3578401014,-76.33197649,NaN,NaN
33.3578401014,-75.8149357224,NaN,NaN
33.3578401014,-75.2978949547,NaN,NaN
33.3578401014,-74.780854187,NaN,NaN
33.3578401014,-74.2638134193,NaN,NaN
33.3578401014,-73.7467726516,NaN,NaN
33.3578401014,-73.2297318839,NaN,NaN
33.3578401014,-72.7126911163,NaN,NaN
33.3578401014,-72.1956503486,NaN,NaN
33.3578401014,-71.6786095809,NaN,NaN
33.3578401014,-71.1615688132,NaN,NaN
33.3578401014,-70.6445280455,NaN,NaN
33.3578401014,-70.1274872778,NaN,NaN
33.3578401014,-69.6104465101,NaN,NaN
33.3578401014,-69.0934057425,NaN,NaN
33.3578401014,-68.5763649748,NaN,NaN
33.3578401014,-68.0593242071,NaN,NaN
33.3578401014,-67.5422834394,NaN,NaN
33.3578401014,-67.0252426717,NaN,NaN
33.3578401014,-66.508201904,NaN,NaN
33.3578401014,-65.9911611363,NaN,NaN
33.3578401014,-65.4741203687,NaN,NaN
33.3578401014,-64.957079601,NaN,NaN
33.3578401014,-64.4400388333,NaN,NaN
33.3578401014,-63.9229980656,NaN,NaN
33.3578401014,-63.4059572979,NaN,NaN
33.3578401014,-62.8889165302,NaN,NaN
33.3578401014,-62.3718757626,NaN,NaN
33.874979487,-83.0535064699,90,120
33.874979487,-82.5364657023,90,120
33.874979487,-82.0194249346,90,120
33.874979487,-81.5023841669,93,120
33.874979487,-80.9853433992,96,125
33.874979487,-80.4683026315,99,132
33.874979487,-79.9512618638,104,139
33.874979487,-79.4342210962,111,146
33.874979487,-78.9171803285,121,152
33.874979487,-78.4001395608,135,157
33.874979487,-77.8830987931,NaN,NaN
33.874979487,-77.3660580254,NaN,NaN
33.874979487,-76.8490172577,NaN,NaN
33.874979487,-76.33197649,NaN,NaN
33.874979487,-75.8149357224,NaN,NaN
33.874979487,-75.2978949547,NaN,NaN
33.874979487,-74.780854187,NaN,NaN
33.874979487,-74.2638134193,NaN,NaN
33.874979487,-73.7467726516,NaN,NaN
33.874979487,-73.2297318839,NaN,NaN
33.874979487,-72.7126911163,NaN,NaN
33.874979487,-72.1956503486,NaN,NaN
33.874979487,-71.6786095809,NaN,NaN
33.874979487,-71.1615688132,NaN,NaN
33.874979487,-70.6445280455,NaN,NaN
33.874979487,-70.1274872778,NaN,NaN
33.874979487,-69.6104465101,NaN,NaN
33.874979487,-69.0934057425,NaN,NaN
33.874979487,-68.5763649748,NaN,NaN
33.874979487,-68.0593242071,NaN,NaN
33.874979487,-67.5422834394,NaN,NaN
33.874979487,-67.0252426717,NaN,NaN
33.874979487,-66.508201904,NaN,NaN
33.874979487,-65.9911611363,NaN,NaN
33.874979487,-65.4741203687,NaN,NaN
33.874979487,-64.957079601,NaN,NaN
33.874979487,-64.4400388333,NaN,NaN
33.874979487,-63.9229980656,NaN,NaN
33.874979487,-63.4059572979,NaN,NaN
33.874979487,-62.8889165302,NaN,NaN
33.874979487,-62.3718757626,NaN,NaN
34.3921188726,-83.0535064699,90,120
34.3921188726,-82.5364657023,90,120
34.3921188726,-82.0194249346,90,120
34.3921188726,-81.5023841669,90,120
34.3921188726,-80.9853433992,92,120
34.3921188726,-80.4683026315,95,125
34.3921188726,-79.9512618638,98,130
34.3921188726,-79.4342210962,102,136
34.3921188726,-78.9171803285,108,142
34.3921188726,-78.4001395608,115,147
34.3921188726,-77.8830987931,125,151
34.3921188726,-77.3660580254,NaN,NaN
34.3921188726,-76.8490172577,NaN,NaN
34.3921188726,-76.33197649,NaN,NaN
34.3921188726,-75.8149357224,NaN,NaN
34.3921188726,-75.2978949547,NaN,NaN
34.3921188726,-74.780854187,NaN,NaN
34.3921188726,-74.2638134193,NaN,NaN
34.3921188726,-73.7467726516,NaN,NaN
34.3921188726,-73.2297318839,NaN,NaN
34.3921188726,-72.7126911163,NaN,NaN
34.3921188726,-72.1956503486,NaN,NaN
34.3921188726,-71.6786095809,NaN,NaN
34.3921188726,-71.1615688132,NaN,NaN
34.3921188726,-70.6445280455,NaN,NaN
34.3921188726,-70.1274872778,NaN,NaN
34.3921188726,-69.6104465101,NaN,NaN
34.3921188726,-69.0934057425,NaN,NaN
34.3921188726,-68.5763649748,NaN,NaN
34.3921188726,-68.0593242071,NaN,NaN
34.3921188726,-67.5422834394,NaN,NaN
34.3921188726,-67.0252426717,NaN,NaN
34.3921188726,-66.508201904,NaN,NaN
34.3921188726,-65.9911611363,NaN,NaN
34.3921188726,-65.4741203687,NaN,NaN
34.3921188726,-64.957079601,NaN,NaN
34.3921188726,-64.4400388333,NaN,NaN
34.3921188726,-63.9229980656,NaN,NaN
34.3921188726,-63.4059572979,NaN,NaN
34.3921188726,-62.8889165302,NaN,NaN
34.3921188726,-62.3718757626,NaN,NaN
34.9092582582,-83.0535064699,90,120
34.9092582582,-82.5364657023,90,120
34.9092582582,-82.0194249346,90,120
34.9092582582,-81.5023841669,90,120
34.9092582582,-80.9853433992,90,120
34.9092582582,-80.4683026315,91,120
34.9092582582,-79.9512618638,93,123
34.9092582582,-79.4342210962,96,127
34.9092582582,-78.9171803285,99,132
34.9092582582,-78.4001395608,104,137
34.9092582582,-77.8830987931,109,141
34.9092582582,-77.3660580254,118,144
34.9092582582,-76.8490172577,127,147
34.9092582582,-76.33197649,132,149
34.9092582582,-75.8149357224,NaN,NaN
34.9092582582,-75.2978949547,NaN,NaN
34.9092582582,-74.780854187,NaN,NaN
34.9092582582,-74.2638134193,NaN,NaN
34.9092582582,-73.7467726516,NaN,NaN
34.9092582582,-73.2297318839,NaN,NaN
34.9092582582,-72.7126911163,NaN,NaN
34.9092582582,-72.1956503486,NaN,NaN
34.9092582582,-71.6786095809,NaN,NaN
34.9092582582,-71.1615688132,NaN,NaN
34.9092582582,-70.6445280455,NaN,NaN
34.9092582582,-70.1274872778,NaN,NaN
34.9092582582,-69.6104465101,NaN,NaN
34.9092582582,-69.0934057425,NaN,NaN
34.9092582582,-68.5763649748,NaN,NaN
34.9092582582,-68.0593242071,NaN,NaN
34.9092582582,-67.5422834394,NaN,NaN
34.9092582582,-67.0252426717,NaN,NaN
34.9092582582,-66.508201904,NaN,NaN
34.9092582582,-65.9911611363,NaN,NaN
34.9092582582,-65.4741203687,NaN,NaN
34.9092582582,-64.957079601,NaN,NaN
34.9092582582,-64.4400388333,NaN,NaN
34.9092582582,-63.9229980656,NaN,NaN
34.9092582582,-63.4059572979,NaN,NaN
34.9092582582,-62.8889165302,NaN,NaN
34.9092582582,-62.3718757626,NaN,NaN
35.4263976438,-83.0535064699,90,120
35.4263976438,-82.5364657023,90,120
35.4263976438,-82.0194249346,90,120
35.4263976438,-81.5023841669,90,120
35.4263976438,-80.9853433992,90,120
35.4263976438,-80.4683026315,90,120
35.4263976438,-79.9512618638,90,120
35.4263976438,-79.4342210962,91,120
35.4263976438,-78.9171803285,94,123
35.4263976438,-78.4001395608,97,127
35.4263976438,-77.8830987931,101,130
35.4263976438,-77.3660580254,106,133
35.4263976438,-76.8490172577,111,137
35.4263976438,-76.33197649,121,141
35.4263976438,-75.8149357224,129,145
35.4263976438,-75.2978949547,NaN,NaN
35.4263976438,-74.780854187,NaN,NaN
35.4263976438,-74.2638134193,NaN,NaN
35.4263976438,-73.7467726516,NaN,NaN
35.4263976438,-73.2297318839,NaN,NaN
35.4263976438,-72.7126911163,NaN,NaN
35.4263976438,-72.1956503486,NaN,NaN
35.4263976438,-71.6786095809,NaN,NaN
35.4263976438,-71.1615688132,NaN,NaN
35.4263976438,-70.6445280455,NaN,NaN
35.4263976438,-70.1274872778,NaN,NaN
35.4263976438,-69.6104465101,NaN,NaN
35.4263976438,-69.0934057425,NaN,NaN
35.4263976438,-68.5763649748,NaN,NaN
35.4263976438,-68.0593242071,NaN,NaN
35.4263976438,-67.5422834394,NaN,NaN
35.4263976438,-67.0252426717,NaN,NaN
35.4263976438,-66.508201904,NaN,NaN
35.4263976438,-65.9911611363,NaN,NaN
35.4263976438,-65.4741203687,NaN,NaN
35.4263976438,-64.957079601,NaN,NaN
35.4263976438,-64.4400388333,NaN,NaN
35.4263976438,-63.9229980656,NaN,NaN
35.4263976438,-63.4059572979,NaN,NaN
35.4263976438,-62.8889165302,NaN,NaN
35.4263976438,-62.3718757626,NaN,NaN
35.9435370294,-83.0535064699,Special%20Wind%20Region,Special%20Wind%20Region
35.9435370294,-82.5364657023,Special%20Wind%20Region,Special%20Wind%20Region
35.9435370294,-82.0194249346,90,120
35.9435370294,-81.5023841669,90,120
35.9435370294,-80.9853433992,90,120
35.9435370294,-80.4683026315,90,120
35.9435370294,-79.9512618638,90,120
35.9435370294,-79.4342210962,90,120
35.9435370294,-78.9171803285,90,120
35.9435370294,-78.4001395608,92,120
35.9435370294,-77.8830987931,95,120
35.9435370294,-77.3660580254,98,124
35.9435370294,-76.8490172577,103,128
35.9435370294,-76.33197649,109,133
35.9435370294,-75.8149357224,122,141
35.9435370294,-75.2978949547,NaN,NaN
35.9435370294,-74.780854187,NaN,NaN
35.9435370294,-74.2638134193,NaN,NaN
35.9435370294,-73.7467726516,NaN,NaN
35.9435370294,-73.2297318839,NaN,NaN
35.9435370294,-72.7126911163,NaN,NaN
35.9435370294,-72.1956503486,NaN,NaN
35.9435370294,-71.6786095809,NaN,NaN
35.9435370294,-71.1615688132,NaN,NaN
35.9435370294,-70.6445280455,NaN,NaN
35.9435370294,-70.1274872778,NaN,NaN
35.9435370294,-69.6104465101,NaN,NaN
35.9435370294,-69.0934057425,NaN,NaN
35.9435370294,-68.5763649748,NaN,NaN
35.9435370294,-68.0593242071,NaN,NaN
35.9435370294,-67.5422834394,NaN,NaN
35.9435370294,-67.0252426717,NaN,NaN
35.9435370294,-66.508201904,NaN,NaN
35.9435370294,-65.9911611363,NaN,NaN
35.9435370294,-65.4741203687,NaN,NaN
35.9435370294,-64.957079601,NaN,NaN
35.9435370294,-64.4400388333,NaN,NaN
35.9435370294,-63.9229980656,NaN,NaN
35.9435370294,-63.4059572979,NaN,NaN
35.9435370294,-62.8889165302,NaN,NaN
35.9435370294,-62.3718757626,NaN,NaN
36.460676415,-83.0535064699,90,120
36.460676415,-82.5364657023,90,120
36.460676415,-82.0194249346,Special%20Wind%20Region,Special%20Wind%20Region
36.460676415,-81.5023841669,Special%20Wind%20Region,Special%20Wind%20Region
36.460676415,-80.9853433992,90,120
36.460676415,-80.4683026315,90,120
36.460676415,-79.9512618638,90,120
36.460676415,-79.4342210962,90,120
36.460676415,-78.9171803285,90,120
36.460676415,-78.4001395608,90,120
36.460676415,-77.8830987931,90,120
36.460676415,-77.3660580254,91,120
36.460676415,-76.8490172577,97,120
36.460676415,-76.33197649,107,127
36.460676415,-75.8149357224,NaN,NaN
36.460676415,-75.2978949547,NaN,NaN
36.460676415,-74.780854187,NaN,NaN
36.460676415,-74.2638134193,NaN,NaN
36.460676415,-73.7467726516,NaN,NaN
36.460676415,-73.2297318839,NaN,NaN
36.460676415,-72.7126911163,NaN,NaN
36.460676415,-72.1956503486,NaN,NaN
36.460676415,-71.6786095809,NaN,NaN
36.460676415,-71.1615688132,NaN,NaN
36.460676415,-70.6445280455,NaN,NaN
36.460676415,-70.1274872778,NaN,NaN
36.460676415,-69.6104465101,NaN,NaN
36.460676415,-69.0934057425,NaN,NaN
36.460676415,-68.5763649748,NaN,NaN
36.460676415,-68.0593242071,NaN,NaN
36.460676415,-67.5422834394,NaN,NaN
36.460676415,-67.0252426717,NaN,NaN
36.460676415,-66.508201904,NaN,NaN
36.460676415,-65.9911611363,NaN,NaN
36.460676415,-65.4741203687,NaN,NaN
36.460676415,-64.957079601,NaN,NaN
36.460676415,-64.4400388333,NaN,NaN
36.460676415,-63.9229980656,NaN,NaN
36.460676415,-63.4059572979,NaN,NaN
36.460676415,-62.8889165302,NaN,NaN
36.460676415,-62.3718757626,NaN,NaN
36.9778158006,-83.0535064699,90,120
36.9778158006,-82.5364657023,90,120
36.9778158006,-82.0194249346,90,120
36.9778158006,-81.5023841669,Special%20Wind%20Region,Special%20Wind%20Region
36.9778158006,-80.9853433992,90,120
36.9778158006,-80.4683026315,90,120
36.9778158006,-79.9512618638,90,120
36.9778158006,-79.4342210962,90,120
36.9778158006,-78.9171803285,90,120
36.9778158006,-78.4001395608,90,120
36.9778158006,-77.8830987931,90,120
36.9778158006,-77.3660580254,90,120
36.9778158006,-76.8490172577,93,120
36.9778158006,-76.33197649,106,123
36.9778158006,-75.8149357224,NaN,NaN
36.9778158006,-75.2978949547,NaN,NaN
36.9778158006,-74.780854187,NaN,NaN
36.9778158006,-74.2638134193,NaN,NaN
36.9778158006,-73.7467726516,NaN,NaN
36.9778158006,-73.2297318839,NaN,NaN
36.9778158006,-72.7126911163,NaN,NaN
36.9778158006,-72.1956503486,NaN,NaN
36.9778158006,-71.6786095809,NaN,NaN
36.9778158006,-71.1615688132,NaN,NaN
36.9778158006,-70.6445280455,NaN,NaN
36.9778158006,-70.1274872778,NaN,NaN
36.9778158006,-69.6104465101,NaN,NaN
36.9778158006,-69.0934057425,NaN,NaN
36.9778158006,-68.5763649748,NaN,NaN
36.9778158006,-68.0593242071,NaN,NaN
36.9778158006,-67.5422834394,NaN,NaN
36.9778158006,-67.0252426717,NaN,NaN
36.9778158006,-66.508201904,NaN,NaN
36.9778158006,-65.9911611363,NaN,NaN
36.9778158006,-65.4741203687,NaN,NaN
36.9778158006,-64.957079601,NaN,NaN
36.9778158006,-64.4400388333,NaN,NaN
36.9778158006,-63.9229980656,NaN,NaN
36.9778158006,-63.4059572979,NaN,NaN
36.9778158006,-62.8889165302,NaN,NaN
36.9778158006,-62.3718757626,NaN,NaN
37.4949551862,-83.0535064699,90,120
37.4949551862,-82.5364657023,90,120
37.4949551862,-82.0194249346,90,120
37.4949551862,-81.5023841669,90,120
37.4949551862,-80.9853433992,90,120
37.4949551862,-80.4683026315,90,120
37.4949551862,-79.9512618638,90,120
37.4949551862,-79.4342210962,90,120
37.4949551862,-78.9171803285,90,120
37.4949551862,-78.4001395608,90,120
37.4949551862,-77.8830987931,90,120
37.4949551862,-77.3660580254,90,120
37.4949551862,-76.8490172577,90,120
37.4949551862,-76.33197649,103,120
37.4949551862,-75.8149357224,114,131
37.4949551862,-75.2978949547,NaN,NaN
37.4949551862,-74.780854187,NaN,NaN
37.4949551862,-74.2638134193,NaN,NaN
37.4949551862,-73.7467726516,NaN,NaN
37.4949551862,-73.2297318839,NaN,NaN
37.4949551862,-72.7126911163,NaN,NaN
37.4949551862,-72.1956503486,NaN,NaN
37.4949551862,-71.6786095809,NaN,NaN
37.4949551862,-71.1615688132,NaN,NaN
37.4949551862,-70.6445280455,NaN,NaN
37.4949551862,-70.1274872778,NaN,NaN
37.4949551862,-69.6104465101,NaN,NaN
37.4949551862,-69.0934057425,NaN,NaN
37.4949551862,-68.5763649748,NaN,NaN
37.4949551862,-68.0593242071,NaN,NaN
37.4949551862,-67.5422834394,NaN,NaN
37.4949551862,-67.0252426717,NaN,NaN
37.4949551862,-66.508201904,NaN,NaN
37.4949551862,-65.9911611363,NaN,NaN
37.4949551862,-65.4741203687,NaN,NaN
37.4949551862,-64.957079601,NaN,NaN
37.4949551862,-64.4400388333,NaN,NaN
37.4949551862,-63.9229980656,NaN,NaN
37.4949551862,-63.4059572979,NaN,NaN
37.4949551862,-62.8889165302,NaN,NaN
37.4949551862,-62.3718757626,NaN,NaN
38.0120945718,-83.0535064699,90,120
38.0120945718,-82.5364657023,90,120
38.0120945718,-82.0194249346,90,120
38.0120945718,-81.5023841669,90,120
38.0120945718,-80.9853433992,90,120
38.0120945718,-80.4683026315,90,120
38.0120945718,-79.9512618638,90,120
38.0120945718,-79.4342210962,90,120
38.0120945718,-78.9171803285,90,120
38.0120945718,-78.4001395608,90,120
38.0120945718,-77.8830987931,90,120
38.0120945718,-77.3660580254,90,120
38.0120945718,-76.8490172577,90,120
38.0120945718,-76.33197649,97,120
38.0120945718,-75.8149357224,110,125
38.0120945718,-75.2978949547,117,136
38.0120945718,-74.780854187,NaN,NaN
38.0120945718,-74.2638134193,NaN,NaN
38.0120945718,-73.7467726516,NaN,NaN
38.0120945718,-73.2297318839,NaN,NaN
38.0120945718,-72.7126911163,NaN,NaN
38.0120945718,-72.1956503486,NaN,NaN
38.0120945718,-71.6786095809,NaN,NaN
38.0120945718,-71.1615688132,NaN,NaN
38.0120945718,-70.6445280455,NaN,NaN
38.0120945718,-70.1274872778,NaN,NaN
38.0120945718,-69.6104465101,NaN,NaN
38.0120945718,-69.0934057425,NaN,NaN
38.0120945718,-68.5763649748,NaN,NaN
38.0120945718,-68.0593242071,NaN,NaN
38.0120945718,-67.5422834394,NaN,NaN
38.0120945718,-67.0252426717,NaN,NaN
38.0120945718,-66.508201904,NaN,NaN
38.0120945718,-65.9911611363,NaN,NaN
38.0120945718,-65.4741203687,NaN,NaN
38.0120945718,-64.957079601,NaN,NaN
38.0120945718,-64.4400388333,NaN,NaN
38.0120945718,-63.9229980656,NaN,NaN
38.0120945718,-63.4059572979,NaN,NaN
38.0120945718,-62.8889165302,NaN,NaN
38.0120945718,-62.3718757626,NaN,NaN
38.5292339574,-83.0535064699,90,120
38.5292339574,-82.5364657023,90,120
38.5292339574,-82.0194249346,90,120
38.5292339574,-81.5023841669,90,120
38.5292339574,-80.9853433992,90,120
38.5292339574,-80.4683026315,90,120
38.5292339574,-79.9512618638,90,120
38.5292339574,-79.4342210962,90,120
38.5292339574,-78.9171803285,90,120
38.5292339574,-78.4001395608,90,120
38.5292339574,-77.8830987931,90,120
38.5292339574,-77.3660580254,90,120
38.5292339574,-76.8490172577,90,120
38.5292339574,-76.33197649,90,120
38.5292339574,-75.8149357224,99,120
38.5292339574,-75.2978949547,111,129
38.5292339574,-74.780854187,NaN,NaN
38.5292339574,-74.2638134193,NaN,NaN
38.5292339574,-73.7467726516,NaN,NaN
38.5292339574,-73.2297318839,NaN,NaN
38.5292339574,-72.7126911163,NaN,NaN
38.5292339574,-72.1956503486,NaN,NaN
38.5292339574,-71.6786095809,NaN,NaN
38.5292339574,-71.1615688132,NaN,NaN
38.5292339574,-70.6445280455,NaN,NaN
38.5292339574,-70.1274872778,NaN,NaN
38.5292339574,-69.6104465101,NaN,NaN
38.5292339574,-69.0934057425,NaN,NaN
38.5292339574,-68.5763649748,NaN,NaN
38.5292339574,-68.0593242071,NaN,NaN
38.5292339574,-67.5422834394,NaN,NaN
38.5292339574,-67.0252426717,NaN,NaN
38.5292339574,-66.508201904,NaN,NaN
38.5292339574,-65.9911611363,NaN,NaN
38.5292339574,-65.4741203687,NaN,NaN
38.5292339574,-64.957079601,NaN,NaN
38.5292339574,-64.4400388333,NaN,NaN
38.5292339574,-63.9229980656,NaN,NaN
38.5292339574,-63.4059572979,NaN,NaN
38.5292339574,-62.8889165302,NaN,NaN
38.5292339574,-62.3718757626,NaN,NaN
39.046373343,-83.0535064699,90,120
39.046373343,-82.5364657023,90,120
39.046373343,-82.0194249346,90,120
39.046373343,-81.5023841669,90,120
39.046373343,-80.9853433992,90,120
39.046373343,-80.4683026315,90,120
39.046373343,-79.9512618638,90,120
39.046373343,-79.4342210962,90,120
39.046373343,-78.9171803285,90,120
39.046373343,-78.4001395608,90,120
39.046373343,-77.8830987931,90,120
39.046373343,-77.3660580254,90,120
39.046373343,-76.8490172577,90,120
39.046373343,-76.33197649,90,120
39.046373343,-75.8149357224,91,120
39.046373343,-75.2978949547,100,120
39.046373343,-74.780854187,113,134
39.046373343,-74.2638134193,NaN,NaN
39.046373343,-73.7467726516,NaN,NaN
39.046373343,-73.2297318839,NaN,NaN
39.046373343,-72.7126911163,NaN,NaN
39.046373343,-72.1956503486,NaN,NaN
39.046373343,-71.6786095809,NaN,NaN
39.046373343,-71.1615688132,NaN,NaN
39.046373343,-70.6445280455,NaN,NaN
39.046373343,-70.1274872778,NaN,NaN
39.046373343,-69.6104465101,NaN,NaN
39.046373343,-69.0934057425,NaN,NaN
39.046373343,-68.5763649748,NaN,NaN
39.046373343,-68.0593242071,NaN,NaN
39.046373343,-67.5422834394,NaN,NaN
39.046373343,-67.0252426717,NaN,NaN
39.046373343,-66.508201904,NaN,NaN
39.046373343,-65.9911611363,NaN,NaN
39.046373343,-65.4741203687,NaN,NaN
39.046373343,-64.957079601,NaN,NaN
39.046373343,-64.4400388333,NaN,NaN
39.046373343,-63.9229980656,NaN,NaN
39.046373343,-63.4059572979,NaN,NaN
39.046373343,-62.8889165302,NaN,NaN
39.046373343,-62.3718757626,NaN,NaN
39.5635127286,-83.0535064699,90,120
39.5635127286,-82.5364657023,90,120
39.5635127286,-82.0194249346,90,120
39.5635127286,-81.5023841669,90,120
39.5635127286,-80.9853433992,90,120
39.5635127286,-80.4683026315,90,120
39.5635127286,-79.9512618638,90,120
39.5635127286,-79.4342210962,90,120
39.5635127286,-78.9171803285,90,120
39.5635127286,-78.4001395608,90,120
39.5635127286,-77.8830987931,90,120
39.5635127286,-77.3660580254,90,120
39.5635127286,-76.8490172577,90,120
39.5635127286,-76.33197649,90,120
39.5635127286,-75.8149357224,90,120
39.5635127286,-75.2978949547,93,120
39.5635127286,-74.780854187,104,124
39.5635127286,-74.2638134193,116,139
39.5635127286,-73.7467726516,NaN,NaN
39.5635127286,-73.2297318839,NaN,NaN
39.5635127286,-72.7126911163,NaN,NaN
39.5635127286,-72.1956503486,NaN,NaN
39.5635127286,-71.6786095809,NaN,NaN
39.5635127286,-71.1615688132,NaN,NaN
39.5635127286,-70.6445280455,NaN,NaN
39.5635127286,-70.1274872778,NaN,NaN
39.5635127286,-69.6104465101,NaN,NaN
39.5635127286,-69.0934057425,NaN,NaN
39.5635127286,-68.5763649748,NaN,NaN
39.5635127286,-68.0593242071,NaN,NaN
39.5635127286,-67.5422834394,NaN,NaN
39.5635127286,-67.0252426717,NaN,NaN
39.5635127286,-66.508201904,NaN,NaN
39.5635127286,-65.9911611363,NaN,NaN
39.5635127286,-65.4741203687,NaN,NaN
39.5635127286,-64.957079601,NaN,NaN
39.5635127286,-64.4400388333,NaN,NaN
39.5635127286,-63.9229980656,NaN,NaN
39.5635127286,-63.4059572979,NaN,NaN
39.5635127286,-62.8889165302,NaN,NaN
39.5635127286,-62.3718757626,NaN,NaN
40.0806521142,-83.0535064699,90,120
40.0806521142,-82.5364657023,90,120
40.0806521142,-82.0194249346,90,120
40.0806521142,-81.5023841669,90,120
40.0806521142,-80.9853433992,90,120
40.0806521142,-80.4683026315,90,120
40.0806521142,-79.9512618638,90,120
40.0806521142,-79.4342210962,90,120
40.0806521142,-78.9171803285,90,120
40.0806521142,-78.4001395608,90,120
40.0806521142,-77.8830987931,90,120
40.0806521142,-77.3660580254,90,120
40.0806521142,-76.8490172577,90,120
40.0806521142,-76.33197649,90,120
40.0806521142,-75.8149357224,90,120
40.0806521142,-75.2978949547,90,120
40.0806521142,-74.780854187,95,120
40.0806521142,-74.2638134193,110,128
40.0806521142,-73.7467726516,NaN,NaN
40.0806521142,-73.2297318839,NaN,NaN
40.0806521142,-72.7126911163,NaN,NaN
40.0806521142,-72.1956503486,NaN,NaN
40.0806521142,-71.6786095809,NaN,NaN
40.0806521142,-71.1615688132,NaN,NaN
40.0806521142,-70.6445280455,NaN,NaN
40.0806521142,-70.1274872778,NaN,NaN
40.0806521142,-69.6104465101,NaN,NaN
40.0806521142,-69.0934057425,NaN,NaN
40.0806521142,-68.5763649748,NaN,NaN
40.0806521142,-68.0593242071,NaN,NaN
40.0806521142,-67.5422834394,NaN,NaN
40.0806521142,-67.0252426717,NaN,NaN
40.0806521142,-66.508201904,NaN,NaN
40.0806521142,-65.9911611363,NaN,NaN
40.0806521142,-65.4741203687,NaN,NaN
40.0806521142,-64.957079601,NaN,NaN
40.0806521142,-64.4400388333,NaN,NaN
40.0806521142,-63.9229980656,NaN,NaN
40.0806521142,-63.4059572979,NaN,NaN
40.0806521142,-62.8889165302,NaN,NaN
40.0806521142,-62.3718757626,NaN,NaN
40.5977914998,-83.0535064699,90,120
40.5977914998,-82.5364657023,90,120
40.5977914998,-82.0194249346,90,120
40.5977914998,-81.5023841669,90,120
40.5977914998,-80.9853433992,90,120
40.5977914998,-80.4683026315,90,120
40.5977914998,-79.9512618638,90,120
40.5977914998,-79.4342210962,90,120
40.5977914998,-78.9171803285,90,120
40.5977914998,-78.4001395608,90,120
40.5977914998,-77.8830987931,90,120
40.5977914998,-77.3660580254,90,120
40.5977914998,-76.8490172577,90,120
40.5977914998,-76.33197649,90,120
40.5977914998,-75.8149357224,90,120
40.5977914998,-75.2978949547,90,120
40.5977914998,-74.780854187,90,120
40.5977914998,-74.2638134193,99,120
40.5977914998,-73.7467726516,112,131
40.5977914998,-73.2297318839,117,142
40.5977914998,-72.7126911163,NaN,NaN
40.5977914998,-72.1956503486,NaN,NaN
40.5977914998,-71.6786095809,NaN,NaN
40.5977914998,-71.1615688132,NaN,NaN
40.5977914998,-70.6445280455,NaN,NaN
40.5977914998,-70.1274872778,NaN,NaN
40.5977914998,-69.6104465101,NaN,NaN
40.5977914998,-69.0934057425,NaN,NaN
40.5977914998,-68.5763649748,NaN,NaN
40.5977914998,-68.0593242071,NaN,NaN
40.5977914998,-67.5422834394,NaN,NaN
40.5977914998,-67.0252426717,NaN,NaN
40.5977914998,-66.508201904,NaN,NaN
40.5977914998,-65.9911611363,NaN,NaN
40.5977914998,-65.4741203687,NaN,NaN
40.5977914998,-64.957079601,NaN,NaN
40.5977914998,-64.4400388333,NaN,NaN
40.5977914998,-63.9229980656,NaN,NaN
40.5977914998,-63.4059572979,NaN,NaN
40.5977914998,-62.8889165302,NaN,NaN
40.5977914998,-62.3718757626,NaN,NaN
41.1149308854,-83.0535064699,90,120
41.1149308854,-82.5364657023,90,120
41.1149308854,-82.0194249346,90,120
41.1149308854,-81.5023841669,90,120
41.1149308854,-80.9853433992,90,120
41.1149308854,-80.4683026315,90,120
41.1149308854,-79.9512618638,90,120
41.1149308854,-79.4342210962,90,120
41.1149308854,-78.9171803285,90,120
41.1149308854,-78.4001395608,90,120
41.1149308854,-77.8830987931,90,120
41.1149308854,-77.3660580254,90,120
41.1149308854,-76.8490172577,90,120
41.1149308854,-76.33197649,90,120
41.1149308854,-75.8149357224,90,120
41.1149308854,-75.2978949547,90,120
41.1149308854,-74.780854187,90,120
41.1149308854,-74.2638134193,90,120
41.1149308854,-73.7467726516,Special%20Wind%20Region,Special%20Wind%20Region
41.1149308854,-73.2297318839,111,133
41.1149308854,-72.7126911163,116,141
41.1149308854,-72.1956503486,120,147
41.1149308854,-71.6786095809,120,151
41.1149308854,-71.1615688132,NaN,NaN
41.1149308854,-70.6445280455,NaN,NaN
41.1149308854,-70.1274872778,NaN,NaN
41.1149308854,-69.6104465101,NaN,NaN
41.1149308854,-69.0934057425,NaN,NaN
41.1149308854,-68.5763649748,NaN,NaN
41.1149308854,-68.0593242071,NaN,NaN
41.1149308854,-67.5422834394,NaN,NaN
41.1149308854,-67.0252426717,NaN,NaN
41.1149308854,-66.508201904,NaN,NaN
41.1149308854,-65.9911611363,NaN,NaN
41.1149308854,-65.4741203687,NaN,NaN
41.1149308854,-64.957079601,NaN,NaN
41.1149308854,-64.4400388333,NaN,NaN
41.1149308854,-63.9229980656,NaN,NaN
41.1149308854,-63.4059572979,NaN,NaN
41.1149308854,-62.8889165302,NaN,NaN
41.1149308854,-62.3718757626,NaN,NaN
41.632070271,-83.0535064699,90,120
41.632070271,-82.5364657023,90,120
41.632070271,-82.0194249346,90,120
41.632070271,-81.5023841669,90,120
41.632070271,-80.9853433992,90,120
41.632070271,-80.4683026315,90,120
41.632070271,-79.9512618638,90,120
41.632070271,-79.4342210962,90,120
41.632070271,-78.9171803285,90,120
41.632070271,-78.4001395608,90,120
41.632070271,-77.8830987931,90,120
41.632070271,-77.3660580254,90,120
41.632070271,-76.8490172577,90,120
41.632070271,-76.33197649,90,120
41.632070271,-75.8149357224,90,120
41.632070271,-75.2978949547,90,120
41.632070271,-74.780854187,90,120
41.632070271,-74.2638134193,90,120
41.632070271,-73.7467726516,Special%20Wind%20Region,Special%20Wind%20Region
41.632070271,-73.2297318839,97,125
41.632070271,-72.7126911163,102,133
41.632070271,-72.1956503486,108,139
41.632070271,-71.6786095809,111,144
41.632070271,-71.1615688132,113,149
41.632070271,-70.6445280455,115,151
41.632070271,-70.1274872778,116,154
41.632070271,-69.6104465101,NaN,NaN
41.632070271,-69.0934057425,NaN,NaN
41.632070271,-68.5763649748,NaN,NaN
41.632070271,-68.0593242071,NaN,NaN
41.632070271,-67.5422834394,NaN,NaN
41.632070271,-67.0252426717,NaN,NaN
41.632070271,-66.508201904,NaN,NaN
41.632070271,-65.9911611363,NaN,NaN
41.632070271,-65.4741203687,NaN,NaN
41.632070271,-64.957079601,NaN,NaN
41.632070271,-64.4400388333,NaN,NaN
41.632070271,-63.9229980656,NaN,NaN
41.632070271,-63.4059572979,NaN,NaN
41.632070271,-62.8889165302,NaN,NaN
41.632070271,-62.3718757626,NaN,NaN
42.1492096566,-83.0535064699,90,120
42.1492096566,-82.5364657023,90,120
42.1492096566,-82.0194249346,NaN,NaN
42.1492096566,-81.5023841669,NaN,NaN
42.1492096566,-80.9853433992,90,120
42.1492096566,-80.4683026315,90,120
42.1492096566,-79.9512618638,90,120
42.1492096566,-79.4342210962,90,120
42.1492096566,-78.9171803285,90,120
42.1492096566,-78.4001395608,90,120
42.1492096566,-77.8830987931,90,120
42.1492096566,-77.3660580254,90,120
42.1492096566,-76.8490172577,90,120
42.1492096566,-76.33197649,90,120
42.1492096566,-75.8149357224,90,120
42.1492096566,-75.2978949547,90,120
42.1492096566,-74.780854187,90,120
42.1492096566,-74.2638134193,90,120
42.1492096566,-73.7467726516,Special%20Wind%20Region,Special%20Wind%20Region
42.1492096566,-73.2297318839,90,120
42.1492096566,-72.7126911163,94,126
42.1492096566,-72.1956503486,97,133
42.1492096566,-71.6786095809,101,137
42.1492096566,-71.1615688132,105,141
42.1492096566,-70.6445280455,112,145
42.1492096566,-70.1274872778,NaN,NaN
42.1492096566,-69.6104465101,NaN,NaN
42.1492096566,-69.0934057425,NaN,NaN
42.1492096566,-68.5763649748,NaN,NaN
42.1492096566,-68.0593242071,NaN,NaN
42.1492096566,-67.5422834394,NaN,NaN
42.1492096566,-67.0252426717,NaN,NaN
42.1492096566,-66.508201904,NaN,NaN
42.1492096566,-65.9911611363,NaN,NaN
42.1492096566,-65.4741203687,NaN,NaN
42.1492096566,-64.957079601,NaN,NaN
42.1492096566,-64.4400388333,NaN,NaN
42.1492096566,-63.9229980656,NaN,NaN
42.1492096566,-63.4059572979,NaN,NaN
42.1492096566,-62.8889165302,NaN,NaN
42.1492096566,-62.3718757626,NaN,NaN
42.6663490422,-83.0535064699,90,120
42.6663490422,-82.5364657023,90,120
42.6663490422,-82.0194249346,NaN,NaN
42.6663490422,-81.5023841669,NaN,NaN
42.6663490422,-80.9853433992,NaN,NaN
42.6663490422,-80.4683026315,NaN,NaN
42.6663490422,-79.9512618638,NaN,NaN
42.6663490422,-79.4342210962,90,120
42.6663490422,-78.9171803285,90,120
42.6663490422,-78.4001395608,90,120
42.6663490422,-77.8830987931,90,120
42.6663490422,-77.3660580254,90,120
42.6663490422,-76.8490172577,90,120
42.6663490422,-76.33197649,90,120
42.6663490422,-75.8149357224,90,120
42.6663490422,-75.2978949547,90,120
42.6663490422,-74.780854187,90,120
42.6663490422,-74.2638134193,90,120
42.6663490422,-73.7467726516,90,120
42.6663490422,-73.2297318839,Special%20Wind%20Region,Special%20Wind%20Region
42.6663490422,-72.7126911163,Special%20Wind%20Region,Special%20Wind%20Region
42.6663490422,-72.1956503486,92,124
42.6663490422,-71.6786095809,95,130
42.6663490422,-71.1615688132,100,134
42.6663490422,-70.6445280455,108,138
42.6663490422,-70.1274872778,NaN,NaN
42.6663490422,-69.6104465101,NaN,NaN
42.6663490422,-69.0934057425,NaN,NaN
42.6663490422,-68.5763649748,NaN,NaN
42.6663490422,-68.0593242071,NaN,NaN
42.6663490422,-67.5422834394,NaN,NaN
42.6663490422,-67.0252426717,NaN,NaN
42.6663490422,-66.508201904,NaN,NaN
42.6663490422,-65.9911611363,NaN,NaN
42.6663490422,-65.4741203687,NaN,NaN
42.6663490422,-64.957079601,NaN,NaN
42.6663490422,-64.4400388333,NaN,NaN
42.6663490422,-63.9229980656,NaN,NaN
42.6663490422,-63.4059572979,NaN,NaN
42.6663490422,-62.8889165302,NaN,NaN
42.6663490422,-62.3718757626,NaN,NaN
43.1834884278,-83.0535064699,90,120
43.1834884278,-82.5364657023,90,120
43.1834884278,-82.0194249346,NaN,NaN
43.1834884278,-81.5023841669,NaN,NaN
43.1834884278,-80.9853433992,NaN,NaN
43.1834884278,-80.4683026315,NaN,NaN
43.1834884278,-79.9512618638,NaN,NaN
43.1834884278,-79.4342210962,NaN,NaN
43.1834884278,-78.9171803285,90,120
43.1834884278,-78.4001395608,90,120
43.1834884278,-77.8830987931,90,120
43.1834884278,-77.3660580254,90,120
43.1834884278,-76.8490172577,90,120
43.1834884278,-76.33197649,90,120
43.1834884278,-75.8149357224,90,120
43.1834884278,-75.2978949547,90,120
43.1834884278,-74.780854187,90,120
43.1834884278,-74.2638134193,90,120
43.1834884278,-73.7467726516,90,120
43.1834884278,-73.2297318839,90,120
43.1834884278,-72.7126911163,Special%20Wind%20Region,Special%20Wind%20Region
43.1834884278,-72.1956503486,90,120
43.1834884278,-71.6786095809,90,120
43.1834884278,-71.1615688132,95,127
43.1834884278,-70.6445280455,101,132
43.1834884278,-70.1274872778,NaN,NaN
43.1834884278,-69.6104465101,NaN,NaN
43.1834884278,-69.0934057425,NaN,NaN
43.1834884278,-68.5763649748,NaN,NaN
43.1834884278,-68.0593242071,NaN,NaN
43.1834884278,-67.5422834394,NaN,NaN
43.1834884278,-67.0252426717,NaN,NaN
43.1834884278,-66.508201904,NaN,NaN
43.1834884278,-65.9911611363,NaN,NaN
43.1834884278,-65.4741203687,NaN,NaN
43.1834884278,-64.957079601,NaN,NaN
43.1834884278,-64.4400388333,NaN,NaN
43.1834884278,-63.9229980656,NaN,NaN
43.1834884278,-63.4059572979,NaN,NaN
43.1834884278,-62.8889165302,NaN,NaN
43.1834884278,-62.3718757626,NaN,NaN
43.7006278134,-83.0535064699,90,120
43.7006278134,-82.5364657023,90,120
43.7006278134,-82.0194249346,NaN,NaN
43.7006278134,-81.5023841669,NaN,NaN
43.7006278134,-80.9853433992,NaN,NaN
43.7006278134,-80.4683026315,NaN,NaN
43.7006278134,-79.9512618638,NaN,NaN
43.7006278134,-79.4342210962,NaN,NaN
43.7006278134,-78.9171803285,NaN,NaN
43.7006278134,-78.4001395608,NaN,NaN
43.7006278134,-77.8830987931,NaN,NaN
43.7006278134,-77.3660580254,NaN,NaN
43.7006278134,-76.8490172577,90,120
43.7006278134,-76.33197649,90,120
43.7006278134,-75.8149357224,90,120
43.7006278134,-75.2978949547,90,120
43.7006278134,-74.780854187,90,120
43.7006278134,-74.2638134193,90,120
43.7006278134,-73.7467726516,90,120
43.7006278134,-73.2297318839,90,120
43.7006278134,-72.7126911163,90,120
43.7006278134,-72.1956503486,Special%20Wind%20Region,Special%20Wind%20Region
43.7006278134,-71.6786095809,90,120
43.7006278134,-71.1615688132,90,120
43.7006278134,-70.6445280455,94,123
43.7006278134,-70.1274872778,100,127
43.7006278134,-69.6104465101,NaN,NaN
43.7006278134,-69.0934057425,NaN,NaN
43.7006278134,-68.5763649748,NaN,NaN
43.7006278134,-68.0593242071,NaN,NaN
43.7006278134,-67.5422834394,NaN,NaN
43.7006278134,-67.0252426717,NaN,NaN
43.7006278134,-66.508201904,NaN,NaN
43.7006278134,-65.9911611363,NaN,NaN
43.7006278134,-65.4741203687,NaN,NaN
43.7006278134,-64.957079601,NaN,NaN
43.7006278134,-64.4400388333,NaN,NaN
43.7006278134,-63.9229980656,NaN,NaN
43.7006278134,-63.4059572979,NaN,NaN
43.7006278134,-62.8889165302,NaN,NaN
43.7006278134,-62.3718757626,NaN,NaN
44.217767199,-83.0535064699,90,120
44.217767199,-82.5364657023,90,120
44.217767199,-82.0194249346,NaN,NaN
44.217767199,-81.5023841669,NaN,NaN
44.217767199,-80.9853433992,NaN,NaN
44.217767199,-80.4683026315,NaN,NaN
44.217767199,-79.9512618638,NaN,NaN
44.217767199,-79.4342210962,NaN,NaN
44.217767199,-78.9171803285,NaN,NaN
44.217767199,-78.4001395608,NaN,NaN
44.217767199,-77.8830987931,NaN,NaN
44.217767199,-77.3660580254,NaN,NaN
44.217767199,-76.8490172577,NaN,NaN
44.217767199,-76.33197649,90,120
44.217767199,-75.8149357224,90,120
44.217767199,-75.2978949547,90,120
44.217767199,-74.780854187,90,120
44.217767199,-74.2638134193,90,120
44.217767199,-73.7467726516,90,120
44.217767199,-73.2297318839,90,120
44.217767199,-72.7126911163,90,120
44.217767199,-72.1956503486,Special%20Wind%20Region,Special%20Wind%20Region
44.217767199,-71.6786095809,Special%20Wind%20Region,Special%20Wind%20Region
44.217767199,-71.1615688132,90,120
44.217767199,-70.6445280455,90,120
44.217767199,-70.1274872778,91,120
44.217767199,-69.6104465101,94,120
44.217767199,-69.0934057425,96,123
44.217767199,-68.5763649748,98,126
44.217767199,-68.0593242071,100,127
44.217767199,-67.5422834394,NaN,NaN
44.217767199,-67.0252426717,NaN,NaN
44.217767199,-66.508201904,NaN,NaN
44.217767199,-65.9911611363,NaN,NaN
44.217767199,-65.4741203687,NaN,NaN
44.217767199,-64.957079601,NaN,NaN
44.217767199,-64.4400388333,NaN,NaN
44.217767199,-63.9229980656,NaN,NaN
44.217767199,-63.4059572979,NaN,NaN
44.217767199,-62.8889165302,NaN,NaN
44.217767199,-62.3718757626,NaN,NaN
44.7349065846,-83.0535064699,90,120
44.7349065846,-82.5364657023,90,120
44.7349065846,-82.0194249346,NaN,NaN
44.7349065846,-81.5023841669,NaN,NaN
44.7349065846,-80.9853433992,NaN,NaN
44.7349065846,-80.4683026315,NaN,NaN
44.7349065846,-79.9512618638,NaN,NaN
44.7349065846,-79.4342210962,NaN,NaN
44.7349065846,-78.9171803285,NaN,NaN
44.7349065846,-78.4001395608,NaN,NaN
44.7349065846,-77.8830987931,NaN,NaN
44.7349065846,-77.3660580254,NaN,NaN
44.7349065846,-76.8490172577,NaN,NaN
44.7349065846,-76.33197649,NaN,NaN
44.7349065846,-75.8149357224,NaN,NaN
44.7349065846,-75.2978949547,90,120
44.7349065846,-74.780854187,90,120
44.7349065846,-74.2638134193,90,120
44.7349065846,-73.7467726516,90,120
44.7349065846,-73.2297318839,90,120
44.7349065846,-72.7126911163,90,120
44.7349065846,-72.1956503486,90,120
44.7349065846,-71.6786095809,Special%20Wind%20Region,Special%20Wind%20Region
44.7349065846,-71.1615688132,90,120
44.7349065846,-70.6445280455,90,120
44.7349065846,-70.1274872778,90,120
44.7349065846,-69.6104465101,90,120
44.7349065846,-69.0934057425,90,120
44.7349065846,-68.5763649748,90,120
44.7349065846,-68.0593242071,90,120
44.7349065846,-67.5422834394,93,120
44.7349065846,-67.0252426717,95,120
44.7349065846,-66.508201904,NaN,NaN
44.7349065846,-65.9911611363,NaN,NaN
44.7349065846,-65.4741203687,NaN,NaN
44.7349065846,-64.957079601,NaN,NaN
44.7349065846,-64.4400388333,NaN,NaN
44.7349065846,-63.9229980656,NaN,NaN
44.7349065846,-63.4059572979,NaN,NaN
44.7349065846,-62.8889165302,NaN,NaN
44.7349065846,-62.3718757626,NaN,NaN
45.2520459702,-83.0535064699,90,120
45.2520459702,-82.5364657023,90,120
45.2520459702,-82.0194249346,NaN,NaN
45.2520459702,-81.5023841669,NaN,NaN
45.2520459702,-80.9853433992,NaN,NaN
45.2520459702,-80.4683026315,NaN,NaN
45.2520459702,-79.9512618638,NaN,NaN
45.2520459702,-79.4342210962,NaN,NaN
45.2520459702,-78.9171803285,NaN,NaN
45.2520459702,-78.4001395608,NaN,NaN
45.2520459702,-77.8830987931,NaN,NaN
45.2520459702,-77.3660580254,NaN,NaN
45.2520459702,-76.8490172577,NaN,NaN
45.2520459702,-76.33197649,NaN,NaN
45.2520459702,-75.8149357224,NaN,NaN
45.2520459702,-75.2978949547,NaN,NaN
45.2520459702,-74.780854187,NaN,NaN
45.2520459702,-74.2638134193,NaN,NaN
45.2520459702,-73.7467726516,NaN,NaN
45.2520459702,-73.2297318839,NaN,NaN
45.2520459702,-72.7126911163,NaN,NaN
45.2520459702,-72.1956503486,NaN,NaN
45.2520459702,-71.6786095809,90,120
45.2520459702,-71.1615688132,90,120
45.2520459702,-70.6445280455,90,120
45.2520459702,-70.1274872778,90,120
45.2520459702,-69.6104465101,90,120
45.2520459702,-69.0934057425,90,120
45.2520459702,-68.5763649748,90,120
45.2520459702,-68.0593242071,90,120
45.2520459702,-67.5422834394,90,120
45.2520459702,-67.0252426717,NaN,NaN
45.2520459702,-66.508201904,NaN,NaN
45.2520459702,-65.9911611363,NaN,NaN
45.2520459702,-65.4741203687,NaN,NaN
45.2520459702,-64.957079601,NaN,NaN
45.2520459702,-64.4400388333,NaN,NaN
45.2520459702,-63.9229980656,NaN,NaN
45.2520459702,-63.4059572979,NaN,NaN
45.2520459702,-62.8889165302,NaN,NaN
45.2520459702,-62.3718757626,NaN,NaN
45.7691853558,-83.0535064699,90,120
45.7691853558,-82.5364657023,90,120
45.7691853558,-82.0194249346,NaN,NaN
45.7691853558,-81.5023841669,NaN,NaN
45.7691853558,-80.9853433992,NaN,NaN
45.7691853558,-80.4683026315,NaN,NaN
45.7691853558,-79.9512618638,NaN,NaN
45.7691853558,-79.4342210962,NaN,NaN
45.7691853558,-78.9171803285,NaN,NaN
45.7691853558,-78.4001395608,NaN,NaN
45.7691853558,-77.8830987931,NaN,NaN
45.7691853558,-77.3660580254,NaN,NaN
45.7691853558,-76.8490172577,NaN,NaN
45.7691853558,-76.33197649,NaN,NaN
45.7691853558,-75.8149357224,NaN,NaN
45.7691853558,-75.2978949547,NaN,NaN
45.7691853558,-74.780854187,NaN,NaN
45.7691853558,-74.2638134193,NaN,NaN
45.7691853558,-73.7467726516,NaN,NaN
45.7691853558,-73.2297318839,NaN,NaN
45.7691853558,-72.7126911163,NaN,NaN
45.7691853558,-72.1956503486,NaN,NaN
45.7691853558,-71.6786095809,NaN,NaN
45.7691853558,-71.1615688132,90,120
45.7691853558,-70.6445280455,90,120
45.7691853558,-70.1274872778,90,120
45.7691853558,-69.6104465101,90,120
45.7691853558,-69.0934057425,90,120
45.7691853558,-68.5763649748,90,120
45.7691853558,-68.0593242071,90,120
45.7691853558,-67.5422834394,90,120
45.7691853558,-67.0252426717,NaN,NaN
45.7691853558,-66.508201904,NaN,NaN
45.7691853558,-65.9911611363,NaN,NaN
45.7691853558,-65.4741203687,NaN,NaN
45.7691853558,-64.957079601,NaN,NaN
45.7691853558,-64.4400388333,NaN,NaN
45.7691853558,-63.9229980656,NaN,NaN
45.7691853558,-63.4059572979,NaN,NaN
45.7691853558,-62.8889165302,NaN,NaN
45.7691853558,-62.3718757626,NaN,NaN
46.2863247414,-83.0535064699,NaN,NaN
46.2863247414,-82.5364657023,NaN,NaN
46.2863247414,-82.0194249346,NaN,NaN
46.2863247414,-81.5023841669,NaN,NaN
46.2863247414,-80.9853433992,NaN,NaN
46.2863247414,-80.4683026315,NaN,NaN
46.2863247414,-79.9512618638,NaN,NaN
46.2863247414,-79.4342210962,NaN,NaN
46.2863247414,-78.9171803285,NaN,NaN
46.2863247414,-78.4001395608,NaN,NaN
46.2863247414,-77.8830987931,NaN,NaN
46.2863247414,-77.3660580254,NaN,NaN
46.2863247414,-76.8490172577,NaN,NaN
46.2863247414,-76.33197649,NaN,NaN
46.2863247414,-75.8149357224,NaN,NaN
46.2863247414,-75.2978949547,NaN,NaN
46.2863247414,-74.780854187,NaN,NaN
46.2863247414,-74.2638134193,NaN,NaN
46.2863247414,-73.7467726516,NaN,NaN
46.2863247414,-73.2297318839,NaN,NaN
46.2863247414,-72.7126911163,NaN,NaN
46.2863247414,-72.1956503486,NaN,NaN
46.2863247414,-71.6786095809,NaN,NaN
46.2863247414,-71.1615688132,NaN,NaN
46.2863247414,-70.6445280455,90,120
46.2863247414,-70.1274872778,90,120
46.2863247414,-69.6104465101,90,120
46.2863247414,-69.0934057425,90,120
46.2863247414,-68.5763649748,90,120
46.2863247414,-68.0593242071,90,120
46.2863247414,-67.5422834394,NaN,NaN
46.2863247414,-67.0252426717,NaN,NaN
46.2863247414,-66.508201904,NaN,NaN
46.2863247414,-65.9911611363,NaN,NaN
46.2863247414,-65.4741203687,NaN,NaN
46.2863247414,-64.957079601,NaN,NaN
46.2863247414,-64.4400388333,NaN,NaN
46.2863247414,-63.9229980656,NaN,NaN
46.2863247414,-63.4059572979,NaN,NaN
46.2863247414,-62.8889165302,NaN,NaN
46.2863247414,-62.3718757626,NaN,NaN
46.803464127,-83.0535064699,NaN,NaN
46.803464127,-82.5364657023,NaN,NaN
46.803464127,-82.0194249346,NaN,NaN
46.803464127,-81.5023841669,NaN,NaN
46.803464127,-80.9853433992,NaN,NaN
46.803464127,-80.4683026315,NaN,NaN
46.803464127,-79.9512618638,NaN,NaN
46.803464127,-79.4342210962,NaN,NaN
46.803464127,-78.9171803285,NaN,NaN
46.803464127,-78.4001395608,NaN,NaN
46.803464127,-77.8830987931,NaN,NaN
46.803464127,-77.3660580254,NaN,NaN
46.803464127,-76.8490172577,NaN,NaN
46.803464127,-76.33197649,NaN,NaN
46.803464127,-75.8149357224,NaN,NaN
46.803464127,-75.2978949547,NaN,NaN
46.803464127,-74.780854187,NaN,NaN
46.803464127,-74.2638134193,NaN,NaN
46.803464127,-73.7467726516,NaN,NaN
46.803464127,-73.2297318839,NaN,NaN
46.803464127,-72.7126911163,NaN,NaN
46.803464127,-72.1956503486,NaN,NaN
46.803464127,-71.6786095809,NaN,NaN
46.803464127,-71.1615688132,NaN,NaN
46.803464127,-70.6445280455,NaN,NaN
46.803464127,-70.1274872778,90,120
46.803464127,-69.6104465101,90,120
46.803464127,-69.0934057425,90,120
46.803464127,-68.5763649748,90,120
46.803464127,-68.0593242071,90,120
46.803464127,-67.5422834394,NaN,NaN
46.803464127,-67.0252426717,NaN,NaN
46.803464127,-66.508201904,NaN,NaN
46.803464127,-65.9911611363,NaN,NaN
46.803464127,-65.4741203687,NaN,NaN
46.803464127,-64.957079601,NaN,NaN
46.803464127,-64.4400388333,NaN,NaN
46.803464127,-63.9229980656,NaN,NaN
46.803464127,-63.4059572979,NaN,NaN
46.803464127,-62.8889165302,NaN,NaN
46.803464127,-62.3718757626,NaN,NaN
